px	py	v	yaw_angle	yaw_rate	px_measured	py_measured	px_true	py_true	vx_true	vy_true	NIS
0	0	0	0	0	0	0	0	0	0	0	0
0.00223134	0	0	0	0	0	0	0	0	0	0	0.666167
1.55844	-0.13847	0.067321	4.16334e-17	2.77556e-17	1.55945	-0.138501	2.09897	0.0522228	2.19595	0.109339	0.0700806
1.62237	0.0217038	2.2363	-0.000286566	0.000163404	1.81209	0.0474826	2.09897	0.0522228	2.19595	0.109339	4.39247
3.88117	-0.130641	2.49169	-0.150637	0.00249293	3.89093	-0.134166	4.29136	0.215312	2.28434	0.226323	0.419394
3.9506	0.0729866	2.51687	0.0515998	-0.000225539	4.19528	0.218461	4.29136	0.215312	2.28434	0.226323	4.00314
6.84659	0.410365	2.95307	0.414999	0.301673	6.86352	0.416817	6.56942	0.496096	2.36382	0.348847	0.993189
6.76538	0.436063	2.98552	0.427766	0.308126	6.43926	0.472879	6.56942	0.496096	2.36382	0.348847	1.5947
9.07088	0.600808	2.7962	-0.0532037	-0.120032	9.07733	0.593211	8.92437	0.89924	2.43359	0.474526	0.572698
9.03642	0.668246	2.78104	-0.0093852	-0.0968442	8.89749	0.886982	8.92437	0.89924	2.43359	0.474526	1.1455
11.5682	1.65213	2.89779	0.70778	0.366493	11.5756	1.6669	11.3468	1.427	2.49328	0.600781	0.879511
11.5437	1.61409	2.9924	0.658268	0.318275	11.4447	1.42958	11.3468	1.427	2.49328	0.600781	0.520886
13.5982	2.3338	2.15424	0.34072	-0.0734178	13.5921	2.31191	13.827	2.07905	2.5429	0.724947	1.15426
13.6195	2.30879	2.54338	0.286495	-0.131185	13.6572	1.99915	13.827	2.07905	2.5429	0.724947	1.09454
16.6187	2.90199	3.22353	0.027929	-0.209071	16.6456	2.903	16.3554	2.85243	2.58284	0.844365	1.1173
16.5494	2.88762	2.97346	0.0243977	-0.223357	16.282	2.84648	16.3554	2.85243	2.58284	0.844365	1.12461
19.0102	3.69319	2.87712	0.41962	0.156511	19.0106	3.70555	18.923	3.74161	2.61382	0.95648	0.597508
19.0794	3.71591	2.76469	0.458131	0.193743	19.363	3.87122	18.923	3.74161	2.61382	0.95648	1.36883
21.3247	4.73478	2.84112	0.41302	0.0440384	21.3312	4.73205	21.5215	4.73855	2.63679	1.05891	0.116469
21.383	4.74494	2.96627	0.395415	0.0269658	21.6213	4.74762	21.5215	4.73855	2.63679	1.05891	0.781314
24.0683	5.57102	3.1639	0.192737	-0.115711	24.0787	5.56967	24.1437	5.83295	2.65286	1.14953	0.209114
24.1728	5.60424	3.24034	0.183108	-0.122054	24.5601	5.92334	24.1437	5.83295	2.65286	1.14953	2.88482
26.6093	6.94996	3.15564	0.658763	0.248188	26.6052	6.96102	26.7833	7.01246	2.6632	1.22647	0.560113
26.5969	6.94238	3.30429	0.630621	0.208505	26.5419	6.90075	26.7833	7.01246	2.6632	1.22647	0.0987375
29.5703	8.09114	3.37057	0.239803	-0.172438	29.5864	8.08789	29.4352	8.26299	2.66893	1.28822	0.804114
29.5557	8.08868	3.20324	0.239489	-0.175611	29.4716	8.24519	29.4352	8.26299	2.66893	1.28822	0.120928
31.9458	9.86406	3.16844	0.877535	0.335332	31.9416	9.88017	32.0955	9.56901	2.67105	1.33358	1.04496
31.9031	9.83826	3.31371	0.826716	0.266957	31.7928	9.49891	32.0955	9.56901	2.67105	1.33358	0.723466
34.6098	10.7214	2.4691	0.204913	-0.298552	34.6157	10.6988	34.7608	10.9139	2.67035	1.3617	1.92803
34.7122	10.7718	2.99065	0.197801	-0.28095	35.0599	10.9953	34.7608	10.9139	2.67035	1.3617	2.87522
37.1411	12.0726	2.9849	0.640753	0.17412	37.1404	12.0883	37.4287	12.2803	2.66736	1.37209	0.833199
37.2201	12.0954	3.25436	0.617705	0.135465	37.4973	12.2943	37.4287	12.2803	2.66736	1.37209	1.57359
40.3066	13.4646	3.62331	0.251408	-0.185482	40.3285	13.4666	40.0971	13.6505	2.66232	1.36459	0.916733
40.2381	13.4402	3.2193	0.244712	-0.203799	39.9009	13.6243	40.0971	13.6505	2.66232	1.36459	1.30864
42.7683	14.8176	3.19682	0.623269	0.163522	42.7664	14.8294	42.7638	15.0065	2.65515	1.33938	0.54462
42.7451	14.8098	3.32471	0.601251	0.134801	42.5714	14.9817	42.7638	15.0065	2.65515	1.33938	0.216266
45.3476	16.5503	3.5239	0.564948	0.0251283	45.3572	16.5524	45.4265	16.3307	2.64546	1.29701	0.167166
45.3934	16.5659	3.37088	0.571383	0.0482029	45.649	16.5213	45.4265	16.3307	2.64546	1.29701	0.755466
48.1506	17.2923	3.18808	0.105495	-0.27439	48.1541	17.2835	48.0823	17.6063	2.6326	1.23832	0.447981
48.126	17.2836	3.02093	0.0953045	-0.294667	47.9331	17.5349	48.0823	17.6063	2.6326	1.23832	0.21456
50.6203	19.0493	2.85859	0.895641	0.393462	50.6228	19.0721	50.7276	18.8172	2.61569	1.16454	2.01217
50.6037	19.0266	3.20541	0.789269	0.25125	50.5737	18.7834	50.7276	18.8172	2.61569	1.16454	0.511718
53.707	19.9105	2.90361	0.0446982	-0.384402	53.7268	19.8982	53.3577	19.9486	2.59372	1.07716	2.10609
53.6737	19.9021	2.94124	0.0652187	-0.358964	53.5277	19.862	53.3577	19.9486	2.59372	1.07716	0.322099
56.0354	21.0732	2.65354	0.558824	0.178933	56.0322	21.0923	55.9669	20.9874	2.56561	0.978022	1.3355
56.0057	21.0572	2.79206	0.525146	0.144093	55.867	20.985	55.9669	20.9874	2.56561	0.978022	0.380481
58.648	21.7892	2.95732	0.0836085	-0.226176	58.6632	21.7821	58.5484	21.9225	2.53033	0.869205	0.682151
58.6487	21.7926	3.03074	0.095243	-0.210897	58.5799	21.9815	58.5484	21.9225	2.53033	0.869205	0.0226615
60.88	22.7761	2.70049	0.471478	0.156464	60.8722	22.7876	61.0941	22.7449	2.48697	0.753031	0.694747
60.8544	22.764	2.78343	0.455376	0.141228	60.7648	22.6398	61.0941	22.7449	2.48697	0.753031	0.241704
63.3726	23.4143	2.88043	0.12177	-0.156706	63.3821	23.4069	63.5955	23.4479	2.43482	0.631987	0.393275
63.4564	23.4432	2.76618	0.0883659	-0.1929	63.7478	23.7442	63.5955	23.4479	2.43482	0.631987	2.00941
66.3219	23.9852	3.20065	0.291318	0.0568904	66.3403	23.9959	66.0431	24.0276	2.37349	0.508655	0.728077
66.2295	23.9565	2.55491	0.283401	0.0396853	65.8838	23.9541	66.0431	24.0276	2.37349	0.508655	2.30309
68.264	24.3623	2.48184	0.189288	-0.0429575	68.262	24.3582	68.4273	24.4824	2.30293	0.385623	0.042796
68.352	24.3946	2.63849	0.200192	-0.0315341	68.6759	24.6059	68.4273	24.4824	2.30293	0.385623	1.98783
70.8197	24.881	2.85519	0.227826	0.00517472	70.8275	24.8844	70.7384	24.8137	2.22347	0.265395	0.114679
70.7864	24.8676	2.46395	0.210313	-0.0208561	70.7403	24.6728	70.7384	24.8137	2.22347	0.265395	0.451497
72.8929	24.7228	2.43837	-0.180206	-0.246567	72.8923	24.7135	72.9675	25.025	2.13584	0.150292	0.21379
72.9432	24.7417	2.5089	-0.166765	-0.232792	73.0732	25.0343	72.9675	25.025	2.13584	0.150292	0.668875
75.0023	25.2423	2.12361	0.325536	0.206472	75.0021	25.2595	75.1062	25.1224	2.04114	0.0423626	0.950357
74.9923	25.2378	2.12945	0.321818	0.203914	74.9748	25.1377	75.1062	25.1224	2.04114	0.0423626	0.0339652
77.111	24.9539	2.21134	-0.437216	-0.38091	77.1225	24.9297	77.1475	25.1137	1.9408	-0.0566978	1.36772
77.135	24.9647	2.26393	-0.426087	-0.366063	77.1386	25.2948	77.1475	25.1137	1.9408	-0.0566978	0.174802
79.0989	25.0113	1.75892	0.0570208	0.160451	79.1089	25.0369	79.0861	25.0086	1.83649	-0.145607	1.68856
79.1155	25.0114	1.85792	0.0716895	0.177434	79.1718	24.9698	79.0861	25.0086	1.83649	-0.145607	0.0636061
80.8045	24.8772	1.9647	-0.0471065	-0.00225928	80.8074	24.8688	80.9183	24.8178	1.73008	-0.223536	0.139334
80.8562	24.8878	1.78508	-0.0848542	-0.0553312	81.1423	24.8704	80.9183	24.8178	1.73008	-0.223536	1.08708
82.6086	24.6374	2.11739	-0.1004	-0.0297586	82.6216	24.6393	82.6423	24.5525	1.6235	-0.29012	0.170237
82.5857	24.6276	1.84627	-0.161935	-0.11498	82.5085	24.8114	82.6423	24.5525	1.6235	-0.29012	0.286695
84.1667	24.5423	1.89888	0.0280667	0.0644303	84.1733	24.5504	84.2584	24.2245	1.51869	-0.345444	0.16783
84.1693	24.5442	1.74843	0.0121488	0.0385597	84.2898	24.3312	84.2584	24.2245	1.51869	-0.345444	0.128174
85.641	23.8267	1.77262	-0.584307	-0.330426	85.6378	23.808	85.7688	23.8451	1.41749	-0.390006	0.577851
85.7006	23.8489	1.92135	-0.518285	-0.258155	85.9743	23.7547	85.7688	23.8451	1.41749	-0.390006	0.861802
86.9486	23.5081	1.29807	-0.287956	0.0212991	86.9449	23.527	87.1776	23.4252	1.32159	-0.424654	0.67804
87.067	23.5421	1.37902	-0.235585	0.0498455	87.6171	23.5127	87.1776	23.4252	1.32159	-0.424654	3.75469
88.7914	22.7965	2.29617	-0.444553	-0.100464	88.8227	22.7869	88.4904	22.9745	1.23248	-0.450514	1.09011
88.718	22.7664	2.07085	-0.60645	-0.271511	88.4191	22.9498	88.4904	22.9745	1.23248	-0.450514	1.15887
89.5243	22.2836	0.913624	-0.612147	-0.139668	89.4967	22.3082	89.7145	22.5017	1.15138	-0.468904	1.4903
89.5945	22.2945	1.13597	-0.523819	-0.0373071	89.7821	22.4826	89.7145	22.5017	1.15138	-0.468904	0.993954
90.5039	21.6677	1.34722	-0.514733	-0.00821421	90.5133	21.6677	90.858	22.0141	1.07929	-0.481241	0.0639622
90.5821	21.6868	1.43321	-0.449014	0.030431	90.8419	22.0974	90.858	22.0141	1.07929	-0.481241	1.67543
91.711	21.1134	1.55203	-0.333374	0.0791141	91.7178	21.1152	91.9302	21.5174	1.01698	-0.488964	0.039377
91.7654	21.1279	1.36745	-0.407542	-0.0359855	92.0492	21.5289	91.9302	21.5174	1.01698	-0.488964	2.06724
92.8515	20.9405	1.31925	-0.0358223	0.196708	92.8599	20.9537	92.9411	21.016	0.964993	-0.493443	0.275279
92.9199	20.9651	1.13833	-0.0166141	0.18279	93.3186	21.0712	92.9411	21.016	0.964993	-0.493443	2.47183
93.4903	20.2596	0.666759	-0.81579	-0.363846	93.4668	20.2155	93.9011	20.513	0.92369	-0.495919	1.84027
93.5654	20.3005	1.10596	-0.583266	-0.137371	93.7423	20.5071	93.9011	20.513	0.92369	-0.495919	1.64216
95.2559	19.6481	2.37567	0.0695714	0.313048	95.3229	19.6585	94.8209	20.01	0.893308	-0.497439	3.33702
95.072	19.6405	1.56617	-0.110739	0.164453	94.494	19.8854	94.8209	20.01	0.893308	-0.497439	7.13716
95.5271	19.6974	0.890489	0.151209	0.215195	95.5039	19.6984	95.7116	19.5078	0.87398	-0.498816	0.780739
95.5372	19.6994	0.869493	0.153012	0.215683	95.6097	19.5804	95.7116	19.5078	0.87398	-0.498816	0.0333174
96.2574	19.218	0.801018	-0.788097	-0.408733	96.2641	19.1597	96.5842	19.0065	0.865773	-0.500589	1.84377
96.307	19.2472	1.05	-0.620242	-0.261347	96.559	18.8688	96.5842	19.0065	0.865773	-0.500589	0.747761
97.4834	18.7157	1.73399	-0.188914	0.119583	97.5286	18.727	97.45	18.506	0.868716	-0.503009	1.46757
97.4372	18.7153	1.41383	-0.308026	-0.0107012	97.5333	18.1735	97.45	18.506	0.868716	-0.503009	0.779661
98.2194	18.3712	1.15264	-0.265884	0.0146861	98.2105	18.3739	98.3198	18.0049	0.882805	-0.506023	0.0927915
98.2399	18.3754	1.019	-0.293416	-0.02138	98.4162	18.1556	98.3198	18.0049	0.882805	-0.506023	0.313938
99.0404	17.3891	1.3307	-1.1445	-0.466394	99.0363	17.357	99.2049	17.503	0.908006	-0.509278	0.963694
99.0486	17.4373	1.39963	-0.692267	-0.041831	98.9782	17.2949	99.2049	17.503	0.908006	-0.509278	1.0992
99.9864	16.9692	1.13002	-0.389477	0.155583	99.9969	16.9882	100.117	17.0001	0.944242	-0.512134	0.395629
100.058	16.9845	1.09641	-0.35643	0.1506	100.441	16.9521	100.117	17.0001	0.944242	-0.512134	1.87
101.186	16.5376	1.53889	-0.204116	0.152107	101.204	16.5368	101.065	16.497	0.991362	-0.513687	0.248703
101.157	16.5311	1.29044	-0.307201	0.0465477	101.169	16.4353	101.065	16.497	0.991362	-0.513687	0.36416
102.371	16.3888	1.54134	0.107046	0.247075	102.387	16.3992	102.063	15.9949	1.04911	-0.512803	0.309866
102.287	16.3798	1.1961	0.0640468	0.218794	102.081	15.8359	102.063	15.9949	1.04911	-0.512803	1.50941
103.013	15.4111	0.862343	-1.21043	-0.591379	103.003	15.353	103.119	15.4967	1.11708	-0.508169	3.08702
102.964	15.4822	1.21643	-0.627467	-0.00783106	102.776	15.1195	103.119	15.4967	1.11708	-0.508169	3.47034
104.086	15.2426	1.2936	0.0273298	0.370707	104.114	15.2708	104.244	15.0064	1.19469	-0.498349	1.0319
104.041	15.2348	1.27294	-0.013384	0.347755	103.905	14.7607	104.244	15.0064	1.19469	-0.498349	0.578292
105.526	14.4817	1.75943	-0.830898	-0.313113	105.541	14.4412	105.447	14.5293	1.28111	-0.481861	1.9724
105.477	14.4884	1.81529	-0.727564	-0.202509	105.316	14.0026	105.447	14.5293	1.28111	-0.481861	0.776877
106.816	14.0268	1.41593	-0.301932	0.169081	106.831	14.0482	106.737	14.0724	1.37529	-0.457255	1.023
106.765	14.01	1.53385	-0.304608	0.196807	106.439	14.2401	106.737	14.0724	1.37529	-0.457255	1.26327
108.079	13.6597	1.64595	-0.0796142	0.21369	108.084	13.6604	108.122	13.644	1.47592	-0.423202	0.0216503
108.088	13.6609	1.64615	-0.0773701	0.214007	108.131	13.6844	108.122	13.644	1.47592	-0.423202	0.0281751
109.531	13.5729	1.75403	0.070501	0.176044	109.534	13.5714	109.606	13.2536	1.58144	-0.378583	0.0229752
109.49	13.5674	1.60823	0.0555753	0.16535	109.388	13.1556	109.606	13.2536	1.58144	-0.378583	0.376372
111.056	12.618	1.76568	-0.985845	-0.523891	111.063	12.5814	111.196	12.9118	1.69008	-0.322574	1.96373
111.14	12.6778	2.2404	-0.631943	-0.114308	111.426	12.9557	111.196	12.9118	1.69008	-0.322574	2.65503
112.902	12.4631	1.60642	-0.0532004	0.306091	112.913	12.4877	112.893	12.6299	1.7999	-0.254723	1.46554
112.903	12.4525	1.78746	-0.0404131	0.322969	112.797	12.8241	112.893	12.6299	1.7999	-0.254723	0.230815
114.786	12.5493	2.17446	0.234108	0.291559	114.801	12.5506	114.699	12.4195	1.90891	-0.175007	0.269915
114.8	12.5528	2.0159	0.230812	0.296665	114.916	12.3187	114.699	12.4195	1.90891	-0.175007	0.180789
116.677	12.1249	2.01507	-0.401803	-0.243094	116.687	12.1035	116.611	12.2921	2.01507	-0.0838683	1.21671
116.717	12.1401	2.34493	-0.315962	-0.14325	116.871	12.0659	116.611	12.2921	2.01507	-0.0838683	0.543069
118.937	11.9908	2.50162	0.0831298	0.187323	118.953	12.0009	118.628	12.2586	2.11648	0.0177712	0.630252
118.922	11.9938	2.31348	0.0861998	0.189732	118.85	12.4063	118.628	12.2586	2.11648	0.0177712	0.119457
120.699	12.2927	2.20844	0.269168	0.185906	120.695	12.2918	120.743	12.3289	2.21139	0.128528	0.0244202
120.744	12.2965	2.29919	0.266394	0.181436	120.934	12.1905	120.743	12.3289	2.21139	0.128528	0.454968
123.535	12.8308	3.08377	0.036358	-0.0720779	123.568	12.8297	122.95	12.5114	2.29835	0.246599	1.55873
123.449	12.8169	2.62391	0.0171054	-0.0956747	123.142	12.7694	122.95	12.5114	2.29835	0.246599	1.75268
124.911	12.7743	2.13801	-0.0769638	-0.095221	124.894	12.7743	125.242	12.8125	2.37624	0.369827	0.558152
125.013	12.7875	2.63355	-0.0540199	-0.0621811	125.376	12.9964	125.242	12.8125	2.37624	0.369827	2.4193
127.834	13.3154	3.04496	0.440831	0.27879	127.853	13.3273	127.609	13.2365	2.44434	0.495787	0.966187
127.765	13.3111	2.88405	0.450244	0.299633	127.506	13.153	127.609	13.2365	2.44434	0.495787	1.07633
129.949	13.7103	2.4765	0.187493	-0.0433931	129.947	13.6963	130.042	13.7853	2.50232	0.621879	0.649869
130.025	13.7177	2.52954	0.167356	-0.0563068	130.334	13.781	130.042	13.7853	2.50232	0.621879	1.36262
132.093	14.4995	2.55326	0.430611	0.14088	132.092	14.507	132.53	14.458	2.55028	0.74543	0.15601
132.163	14.5033	2.80149	0.399354	0.0993876	132.447	14.3423	132.53	14.458	2.55028	0.74543	1.07857
135.05	15.0506	3.21108	-0.0037783	-0.212691	135.074	15.0475	135.066	15.2513	2.58865	0.863795	0.924424
135.049	15.0432	2.86971	-0.0334404	-0.250846	135.127	14.6575	135.066	15.2513	2.58865	0.863795	0.292329
137.558	16.1939	2.80621	0.697029	0.356575	137.561	16.2147	137.639	16.1592	2.61821	0.974442	1.48293
137.588	16.1825	3.2587	0.58456	0.199563	137.653	16.5145	137.639	16.1592	2.61821	0.974442	0.574334
140.324	17.0189	2.97158	0.204494	-0.168816	140.331	17.008	140.242	17.1733	2.63994	1.07503	0.713361
140.333	17.021	3.00072	0.201932	-0.17124	140.305	17.5379	140.242	17.1733	2.63994	1.07503	0.0332966
142.888	17.9837	3.07668	0.409091	0.067001	142.888	17.9918	142.868	18.2829	2.65497	1.16346	0.229923
142.842	17.9775	3.07735	0.405768	0.0617506	142.626	18.1458	142.868	18.2829	2.65497	1.16346	0.519655
145.386	19.161	3.21126	0.413742	0.0273806	145.392	19.1617	145.51	19.4754	2.66445	1.23795	0.0464107
145.467	19.1721	3.19638	0.409133	0.0348979	145.789	19.3785	145.51	19.4754	2.66445	1.23795	1.65558
148.241	20.4729	3.46494	0.404917	0.00925279	148.251	20.4754	148.163	20.7364	2.66951	1.29702	0.159927
148.227	20.4736	3.14806	0.44828	0.0760399	148.146	20.9376	148.163	20.7364	2.66951	1.29702	0.234841
150.681	22.1101	3.35154	0.626207	0.138935	150.686	22.1142	150.825	22.0502	2.67111	1.33953	0.0794871
150.67	22.1064	3.44113	0.604332	0.101499	150.649	21.8148	150.825	22.0502	2.67111	1.33953	0.0807342
153.414	23.4939	3.41188	0.388802	-0.0981103	153.422	23.4909	153.491	23.3999	2.66999	1.3647	0.230023
153.399	23.4888	3.14764	0.430895	-0.0384862	153.466	22.9115	153.491	23.3999	2.66999	1.3647	0.20783
156.041	24.8059	3.33166	0.421811	-0.0200134	156.047	24.8084	156.159	24.7682	2.66666	1.37208	0.0684538
156.035	24.8078	3.0067	0.462339	0.0428528	156.009	25.0678	156.159	24.7682	2.66666	1.37208	0.224477
158.886	26.0281	3.44066	0.308187	-0.082595	158.905	26.0308	158.827	26.1372	2.66127	1.36157	0.5094
158.91	26.0318	3.26896	0.316214	-0.0638775	159.014	26.1903	158.827	26.1372	2.66127	1.36157	0.292388
161.414	27.4203	3.29476	0.557081	0.125786	161.412	27.4256	161.493	27.4891	2.65371	1.33344	0.148177
161.447	27.4291	3.1563	0.581652	0.165666	161.529	27.8454	161.493	27.4891	2.65371	1.33344	0.359961
163.627	28.7739	2.95638	0.540706	0.0366305	163.625	28.7683	164.155	28.8064	2.64354	1.28825	0.103823
163.738	28.7931	3.09292	0.509194	0.00915163	164.116	29.315	164.155	28.8064	2.64354	1.28825	2.98013
166.801	30.2001	3.73196	0.31203	-0.123003	166.828	30.2062	166.809	30.0721	2.63006	1.22694	0.977392
166.76	30.1903	3.18455	0.363445	-0.0517529	166.748	29.7121	166.809	30.0721	2.63006	1.22694	0.843093
169.102	31.3696	3.11383	0.471663	0.0482962	169.097	31.3717	169.452	31.2706	2.61238	1.15075	0.0625236
169.124	31.3739	3.06307	0.476489	0.058241	169.345	30.7063	169.452	31.2706	2.61238	1.15075	0.153819
172.154	32.3403	3.46962	0.141253	-0.190713	172.175	32.3404	172.079	32.3873	2.58945	1.06126	0.760384
172.154	32.3353	3.09272	0.128397	-0.207341	172.135	32.6666	172.079	32.3873	2.58945	1.06126	0.333052
174.645	33.4496	3.04335	0.553085	0.186341	174.643	33.4625	174.685	33.4095	2.56021	0.960341	0.627101
174.629	33.4483	2.96353	0.56358	0.201639	174.474	33.9157	174.685	33.4095	2.56021	0.960341	0.0731367
177.025	34.2113	2.74585	0.235848	-0.132303	177.03	34.2009	177.261	34.3262	2.52363	0.850119	0.518582
177.044	34.213	2.67052	0.229426	-0.135332	177.211	33.8467	177.261	34.3262	2.52363	0.850119	0.142973
180.124	35.1335	3.31989	0.33923	0.0179391	180.145	35.1423	179.799	35.1289	2.47883	0.732949	1.03953
180.018	35.1178	2.79924	0.383436	0.0733995	179.543	35.4767	179.799	35.1289	2.47883	0.732949	2.65164
182.589	35.7571	2.9657	0.129311	-0.129454	182.599	35.753	182.292	35.8114	2.42515	0.611338	0.259565
182.502	35.738	2.65369	0.132021	-0.134176	182.047	36.2626	182.292	35.8114	2.42515	0.611338	1.81474
184.731	36.5052	2.68143	0.433073	0.134475	184.732	36.5155	184.73	36.37	2.36226	0.487877	0.293231
184.733	36.509	2.46308	0.461017	0.169754	184.833	36.1451	184.73	36.37	2.36226	0.487877	0.102978
186.935	36.9503	2.49601	0.0646268	-0.179966	186.946	36.9404	187.103	36.804	2.29017	0.365145	0.545097
187.002	36.9636	2.56528	0.0479163	-0.190145	187.296	36.9375	187.103	36.804	2.29017	0.365145	1.10623
189.456	37.3955	2.77914	0.26223	0.0587482	189.465	37.4052	189.401	37.1147	2.20928	0.245623	0.36453
189.486	37.4044	2.4515	0.297048	0.0902799	189.738	36.951	189.401	37.1147	2.20928	0.245623	0.5667
191.728	37.5725	2.53395	-0.0570336	-0.182425	191.735	37.5631	191.615	37.3064	2.12037	0.131591	0.320777
191.701	37.5637	2.35081	-0.075033	-0.207808	191.682	37.1147	191.615	37.3064	2.12037	0.131591	0.215444
193.477	37.2769	2.17643	-0.213923	-0.16686	193.471	37.2789	193.738	37.3853	2.02462	0.0250452	0.055147
193.499	37.2819	2.25089	-0.201166	-0.150581	193.555	37.4234	193.738	37.3853	2.02462	0.0250452	0.107094
195.963	37.3882	2.74809	0.244115	0.213576	195.991	37.3991	195.762	37.3598	1.92349	-0.072386	1.27474
195.861	37.3832	2.14214	0.2473	0.230108	195.507	37.4891	195.762	37.3598	1.92349	-0.072386	2.44223
197.719	37.7348	2.22666	0.190678	0.0580812	197.725	37.7285	197.683	37.2395	1.81869	-0.159495	0.129896
197.675	37.7256	2.03828	0.186023	0.0549403	197.582	37.303	197.683	37.2395	1.81869	-0.159495	0.464985
199.296	37.3049	1.861	-0.407419	-0.330714	199.294	37.2862	199.497	37.0353	1.71212	-0.235529	0.675498
199.311	37.3114	1.96889	-0.382017	-0.297611	199.356	37.3527	199.497	37.0353	1.71212	-0.235529	0.0658263
201.513	36.9886	2.51772	0.00168743	0.121714	201.549	36.9973	201.203	36.7587	1.6057	-0.300201	1.64697
201.394	36.9807	1.95115	-0.0876493	0.0255793	200.932	37.4694	201.203	36.7587	1.6057	-0.300201	2.99673
202.965	36.4644	1.95716	-0.344623	-0.14072	202.962	36.4568	202.801	36.4212	1.50137	-0.353671	0.114711
202.925	36.4521	1.71449	-0.406146	-0.215963	202.65	37.2445	202.801	36.4212	1.50137	-0.353671	0.402945
203.998	36.1825	1.24043	-0.250076	-0.00232022	203.991	36.1967	204.294	36.0343	1.40095	-0.396497	0.393973
203.989	36.1719	1.53284	-0.203749	0.0666892	203.809	36.2941	204.294	36.0343	1.40095	-0.396497	0.702881
